# DeltaBLM CollPos ActualPos Theta SignalBLM ErrBLM BeamInt SignalCry
0.5	7.92	7.92	-105.68183320678938	-3.149534225463864e-07	4.874649047851561e-07	208995750895.12057	3.4937286376953125e-07
3.0	7.87	7.87	-104.77058099126664	-9.377485275268553e-07	3.079452514648438e-07	208952531945.3989	3.5627746582031247e-07
6.0	7.82	7.82	-103.8593287757439	-3.964277267456051e-07	1.4637756347656235e-07	208901685394.8108	3.5443623860677084e-07
9.0	7.77	7.77	-102.94807656022114	6.63198534647624e-07	9.086456298828128e-07	208819856379.9069	3.5351562499999996e-07
12.0	7.72	7.72	-102.0368243446984	1.2832202911376966e-07	1.4803466796875005e-06	208738472091.4471	3.691660563151042e-07
15.0	7.67	7.67	-101.12557212917564	-2.1046377817789657e-07	3.6456298828124995e-07	208663678215.01022	3.5259501139322914e-07
18.0	7.62	7.62	-100.2143199136529	-4.802035649617507e-07	1.0715942382812502e-06	208609570409.47827	3.4523010253906254e-07
21.0	7.57	7.57	-99.30306769813016	-4.820447921752927e-07	8.133621215820307e-07	208521661658.67325	3.4430948893229167e-07
24.0	7.52	7.52	-98.3918154826074	-1.1200300216674802e-06	1.3353500366210937e-06	208471816935.75296	3.5443623860677084e-07
27.0	7.47	7.47	-97.48056326708466	7.676766713460325e-08	1.0771179199218748e-06	208400532710.24936	3.5811869303385416e-07
30.0	7.42	7.42	-96.56931105156193	4.680284500122078e-07	7.346496582031253e-07	208324115256.88168	3.6640421549479164e-07
33.0	7.37	7.37	-95.65805883603917	1.0848395665486657e-06	1.7731018066406246e-06	208234559933.5347	3.802134195963542e-07
36.0	7.32	7.32	-94.74680662051642	-8.107038497924802e-07	6.559371948242187e-07	208168722413.80344	3.4246826171875003e-07
39.0	7.27	7.27	-93.83555440499366	-1.0049533208211256e-06	2.720413208007814e-07	208113288889.58847	3.176116943359375e-07
42.0	7.22	7.22	-92.92430218947092	-1.0463809331258136e-06	5.31654357910156e-07	208049650054.00916	3.0564371744791665e-07
45.0	7.17	7.17	-92.01304997394818	-4.562676111857094e-07	2.2950897216796873e-06	208004788219.7208	3.295796712239583e-07
48.0	7.12	7.12	-91.10179775842543	3.4466622670491617e-07	2.388992309570315e-07	207925147909.74133	3.498331705729167e-07
51.0	7.07	7.07	-90.1905455429027	1.2358201980590821e-06	1.5521545410156247e-06	207862616768.41745	3.5811869303385416e-07
54.0	7.02	7.02	-89.27929332737992	8.78622118631999e-07	8.423614501953126e-07	207788147650.75464	3.4062703450520834e-07
57.0	6.97	6.97	-88.36804111185718	3.5539252599080403e-06	3.705009460449219e-06	207729733591.60495	3.4615071614583336e-07
60.0	6.92	6.92	-87.45678889633444	1.5893358230590822e-06	5.288925170898439e-07	207653066006.7299	3.5995992024739585e-07
63.0	6.87	6.87	-86.5455366808117	5.029668871561688e-06	2.1832351684570312e-06	207583973306.3672	3.783721923828125e-07
66.0	6.82	6.82	-85.63428446528896	7.46377124786377e-06	2.3337554931640616e-06	207484307940.83655	3.618011474609375e-07
69.0	6.77	6.77	-84.72303224976619	5.304932339986165e-06	2.2384719848632814e-06	207427325033.078	3.4430948893229167e-07
72.0	6.72	6.72	-83.81178003424345	8.262863858540853e-06	2.6154632568359363e-06	207354462787.98682	3.498331705729167e-07
75.0	6.67	6.67	-82.9005278187207	1.2404704475402831e-05	3.0974044799804695e-06	207287779420.25272	3.5627746582031247e-07
78.0	6.62	6.62	-81.98927560319795	8.587840461730957e-06	2.6831283569335927e-06	207224900741.48325	3.2865905761718754e-07
81.0	6.57	6.57	-81.07802338767522	1.5571615282694498e-05	4.296043395996093e-06	207146051610.69492	3.7192789713541666e-07
84.0	6.52	6.52	-80.16677117215245	1.1842209561665853e-05	1.7772445678710939e-06	207085995534.73746	3.4246826171875003e-07
87.0	6.47	6.47	-79.25551895662971	2.515152047475179e-05	1.0253334045410153e-05	207026259878.7596	3.5443623860677084e-07
90.0	6.42	6.42	-78.34426674110698	2.9513387743632e-05	5.507110595703124e-06	206955164607.75986	3.4891255696614587e-07
93.0	6.37	6.37	-77.43301452558423	2.6695389493306478e-05	7.767677307128902e-06	206885403299.15286	3.4615071614583336e-07
96.0	6.32	6.32	-76.52176231006148	4.4734813117980956e-05	3.2244491577148445e-06	206819589859.73148	3.5259501139322914e-07
99.0	6.27	6.27	-75.61051009453872	6.890276152292888e-05	1.9109176635742182e-05	206720797459.66968	3.774515787760417e-07
102.0	6.22	6.22	-74.69925787901597	4.371753508249919e-05	1.5633399963378912e-05	206632544642.4548	3.489125569661458e-07
105.0	6.17	6.17	-73.78800566349324	4.443653430938721e-05	6.682273864746092e-06	206578316218.43356	3.5627746582031247e-07
108.0	6.12	6.12	-72.8767534479705	4.788054981231689e-05	6.9515533447265576e-06	206490877792.96072	3.5443623860677084e-07
111.0	6.07	6.07	-71.96550123244775	4.9929835700988767e-05	1.576044464111328e-05	206443100722.5961	3.5351562499999996e-07
114.0	6.02	6.02	-71.05424901692498	6.36589464187622e-05	2.313041687011722e-06	206353264896.17978	3.5535685221354165e-07
117.0	5.97	5.97	-70.14299680140223	6.195304940541586e-05	1.5228790283203123e-05	206277437084.9951	3.5811869303385416e-07
120.0	5.92	5.92	-69.2317445858795	5.370066903432211e-05	8.449851989746098e-06	206201489956.95956	3.4430948893229167e-07
123.0	5.87	5.87	-68.32049237035676	4.664876880645753e-05	7.541206359863287e-06	206139901201.81787	3.240559895833333e-07
126.0	5.82	5.82	-67.40924015483401	5.346223011016846e-05	2.1389076232910156e-05	206090364533.3125	3.5443623860677084e-07
129.0	5.77	5.77	-66.49798793931126	5.1822617276509597e-05	4.576370239257812e-06	206019112197.9491	3.3878580729166665e-07
132.0	5.72	5.72	-65.58673572378851	6.598994007110596e-05	3.0308441162109375e-05	205963770005.36	3.5535685221354165e-07
135.0	5.67	5.67	-64.67548350826576	5.372368437449137e-05	2.1390457153320302e-06	205887937855.3807	3.286590576171875e-07
138.0	5.62	5.62	-63.76423129274302	5.1078761482238764e-05	1.2941986083984381e-05	205833813562.42935	3.4430948893229167e-07
141.0	5.57	5.57	-62.85297907722027	5.803031482696534e-05	1.401358032226562e-05	205775378026.2465	3.5075378417968745e-07
144.0	5.52	5.52	-61.941726861697525	6.360094776153564e-05	3.7050094604492215e-06	205705084781.42435	3.4615071614583336e-07
147.0	5.47	5.47	-61.03047464617478	7.408029244740804e-05	1.305245971679688e-05	205622381499.41318	3.5719807942708334e-07
150.0	5.42	5.42	-60.11922243065204	6.340209522247315e-05	4.453468322753908e-06	205551491453.39688	3.5627746582031247e-07
153.0	5.37	5.37	-59.20797021512929	5.138348458607991e-05	9.47035217285156e-06	205507272845.40466	3.4062703450520834e-07
156.0	5.32	5.32	-58.29671799960654	5.2933797899882e-05	9.058837890624993e-06	205439384811.3563	3.314208984375e-07
159.0	5.27	5.27	-57.385465784083785	7.004248116811115e-05	2.1469169616699216e-05	205373255507.68967	3.268178304036458e-07
162.0	5.22	5.22	-56.47421356856104	4.898436552683513e-05	5.311019897460938e-06	205315324139.43674	3.351033528645833e-07
165.0	5.17	5.17	-55.5629613530383	8.135037810007733e-05	7.433494567871101e-06	205240726593.45444	3.5535685221354165e-07
168.0	5.12	5.12	-54.65170913751556	9.524519926706948e-05	2.2101631164550777e-05	205139928368.65967	3.7468973795572917e-07
171.0	5.07	5.07	-53.740456921992816	5.325969511667887e-05	8.723274230957025e-06	205067784627.95035	3.351033528645833e-07
174.0	5.02	5.02	-52.829204706470044	5.5815318489074706e-05	2.0386528015136718e-05	205006032734.13254	3.3878580729166665e-07
177.0	4.97	4.97	-51.9179524909473	5.475293038686117e-05	2.418682098388672e-05	204953357164.69046	3.4246826171875003e-07
180.0	4.92	4.92	-51.006700275424556	3.90960547765096e-05	7.2194519042968775e-06	204915092033.67715	3.2681783040364585e-07
183.0	4.87	4.87	-50.09544805990182	6.366170825958252e-05	2.213477325439453e-05	204854589712.69754	3.397064208984375e-07
186.0	4.82	4.82	-49.184195844379076	5.5188380622863774e-05	1.9016654968261724e-05	204804222815.84985	3.2681783040364585e-07
189.0	4.77	4.77	-48.27294362885632	9.4869588915507e-05	4.362603759765625e-05	204699893896.96805	3.5535685221354165e-07
192.0	4.72	4.72	-47.361691413333574	5.420792713165283e-05	5.813674926757813e-06	204641292835.7721	3.314208984375e-07
195.0	4.67	4.67	-46.450439197810816	7.115089995066326e-05	8.59346771240234e-06	204574348489.54422	3.406270345052083e-07
198.0	4.62	4.62	-45.53918698228808	7.527064584096273e-05	3.0452056884765628e-05	204490531222.0254	3.618011474609375e-07
201.0	4.57	4.57	-44.627934766765335	7.39744218826294e-05	3.060119628906256e-06	204428491666.12717	3.5443623860677084e-07
204.0	4.52	4.52	-43.71668255124258	9.950764026641846e-05	1.3564781188964842e-05	204332775905.29996	3.682454427083333e-07
207.0	4.47	4.47	-42.805430335719834	8.410945707956951e-05	1.391691589355469e-05	204266486717.05322	3.756103515625e-07
210.0	4.42	4.42	-41.8941781201971	7.517121957143147e-05	5.899291992187494e-06	204192819408.62817	3.636423746744792e-07
213.0	4.37	4.37	-40.98292590467435	8.498496061960857e-05	1.6218910217285156e-05	204109699819.27725	3.5259501139322914e-07
216.0	4.32	4.32	-40.071673689151595	7.041809151967366e-05	1.5430404663085934e-05	204038083459.04883	3.397064208984375e-07
219.0	4.27	4.27	-39.16042147362884	8.129974435170492e-05	2.0534286499023436e-05	203961042087.021	3.710072835286459e-07
222.0	4.22	4.22	-38.24916925810609	0.00012123964506785075	8.08666992187499e-06	203854488234.28012	3.949432373046875e-07
225.0	4.17	4.17	-37.337917042583356	9.403275114695232e-05	2.1550643920898436e-05	203760869629.81168	3.6640421549479164e-07
228.0	4.12	4.12	-36.42666482706061	9.792510547637938e-05	1.1766822814941407e-05	203674356452.28238	3.5995992024739585e-07
231.0	4.07	4.07	-35.51541261153787	6.666751168568928e-05	1.2092720031738286e-05	203596478777.59985	3.6640421549479164e-07
234.0	4.02	4.02	-34.6041603960151	6.623022022247315e-05	1.0898223876953132e-05	203549783802.60278	3.710072835286458e-07
237.0	3.97	3.97	-33.692908180492374	7.653280709584554e-05	2.29094696044921e-06	203463389508.0449	3.516743977864584e-07
240.0	3.92	3.92	-32.781655964969616	7.340180021921794e-05	1.8545761108398467e-06	203402508844.17813	3.433888753255208e-07
243.0	3.87	3.87	-31.870403749446872	6.605806547800699e-05	9.488304138183593e-06	203325909161.43823	3.305002848307291e-07
246.0	3.82	3.82	-30.95915153392412	7.924861723581949e-05	7.4790649414062504e-06	203258545687.6542	3.5719807942708334e-07
249.0	3.77	3.77	-30.047899318401374	6.727511666615804e-05	3.357017517089838e-06	203202024427.63876	3.351033528645833e-07
252.0	3.72	3.72	-29.136647102878634	0.00010381979440053303	2.5790069580078118e-05	203120429924.5818	3.792928059895833e-07
255.0	3.67	3.67	-28.225394887355883	0.0001213611660639445	3.250272369384765e-05	203001204405.3389	3.7192789713541666e-07
258.0	3.62	3.62	-27.314142671833142	0.00019003986174265545	7.068655395507815e-05	202836983199.99496	3.7468973795572917e-07
261.0	3.57	3.57	-26.402890456310384	0.00017541039091746008	5.3900085449218755e-05	202641004404.68408	3.6456298828125e-07
264.0	3.52	3.52	-25.49163824078764	0.0002686611843744913	0.00013449198150634767	202415778229.0088	3.737691243489583e-07
267.0	3.47	3.47	-24.5803860252649	0.00025628445504506425	9.368440246582033e-05	202147092083.57315	3.737691243489583e-07
270.0	3.42	3.42	-23.669133809742142	0.00035368353341420493	0.00014136344146728513	201812599874.66678	3.7192789713541666e-07
273.0	3.37	3.37	-22.757881594219402	0.0003907833411534627	0.00017848534393310545	201482240367.59512	3.894195556640625e-07
277.0	3.32	3.32	-21.84662937869665	0.00027412171192169185	0.00023557535552978516	200958058836.60892	3.52410888671875e-07
